rating_workload,rating_content,rating_teaching,rating_grading,has_midterm,has_final,has_quiz,has_assignment,has_essay,has_project,has_attendance,has_reading,has_presentation,course_name,level,upvote_ratio,insturctor_rating
3,3,3,3,True,True,True,True,False,True,True,False,False,COMP1942,1000,0.5,
2,3,4,4,True,True,False,True,False,True,True,False,False,COMP1942,1000,1.0,
5,4,5,4,True,True,False,True,False,True,True,False,False,COMP1942,1000,,
5,4,4,3,True,True,False,True,False,True,True,False,False,COMP1942,1000,0.0,
5,5,5,5,True,True,False,True,False,True,True,False,False,COMP1942,1000,0.8,
4,5,5,5,True,True,False,True,False,False,True,False,False,COMP1942,1000,1.0,
5,5,5,5,True,True,True,True,False,True,True,False,False,COMP1942,1000,1.0,
4,5,5,5,True,True,False,False,False,True,True,False,False,COMP1942,1000,,
5,5,5,5,True,True,False,True,False,True,True,False,False,COMP1942,1000,1.0,
4,5,5,5,True,True,False,True,False,True,True,False,False,COMP1942,1000,,
4,5,5,4,True,True,False,True,False,True,True,False,False,COMP1942,1000,,
4,3,5,5,True,True,False,True,False,True,True,False,False,COMP1942,1000,,
1,3,4,3,True,True,False,True,False,True,True,False,False,COMP1942,1000,0.0,
2,3,5,5,True,True,False,True,False,True,True,False,False,COMP1942,1000,1.0,
5,5,5,5,True,True,False,True,False,True,True,False,False,COMP1942,1000,,
4,5,5,4,True,True,False,True,False,True,True,False,False,COMP1942,1000,,
3,5,5,4,True,True,False,True,False,True,True,False,False,COMP1942,1000,0.5,
3,5,5,5,False,True,False,True,False,True,True,False,False,COMP1942,1000,0.0,
4,5,5,5,True,True,False,True,False,True,True,False,False,COMP1942,1000,0.0,
2,5,5,4,True,True,False,True,False,True,True,False,False,COMP1942,1000,1.0,
5,5,5,5,True,True,False,True,False,True,True,False,False,COMP1942,1000,1.0,
4,5,5,4,True,True,False,True,False,True,True,False,False,COMP1942,1000,,
4,5,5,4,True,True,False,True,False,True,True,False,False,COMP1942,1000,0.0,
4,5,5,4,True,True,True,True,False,True,True,False,False,COMP1942,1000,,
5,4,4,5,True,True,False,True,False,True,True,False,False,COMP1942,1000,0.0,
5,4,5,5,True,True,False,True,False,True,True,False,False,COMP1942,1000,,
4,4,4,4,True,True,True,True,False,True,True,False,False,COMP1942,1000,,
4,5,5,5,True,True,False,True,False,True,True,False,False,COMP1942,1000,,
5,4,5,5,True,True,False,True,False,True,True,False,False,COMP1942,1000,1.0,
4,4,5,5,True,True,False,True,False,True,True,False,False,COMP1942,1000,,
5,5,5,5,True,True,False,True,False,True,True,False,False,COMP1942,1000,,
5,5,5,4,True,True,False,True,False,True,True,False,False,COMP1942,1000,,
5,4,5,5,True,True,False,True,False,True,True,False,False,COMP1942,1000,,
5,5,5,5,True,True,False,False,False,True,True,False,False,COMP1942,1000,,
4,5,5,5,True,True,False,False,False,True,False,False,False,COMP1942,1000,,
5,5,5,5,True,True,False,True,False,True,True,False,False,COMP1942,1000,0.8888888888888888,
4,5,5,5,True,True,False,True,False,True,True,False,False,COMP1942,1000,0.5,
1,1,3,1,True,True,False,True,False,True,True,False,False,COMP1942,1000,0.2,
5,5,5,5,True,True,False,True,False,True,True,False,False,COMP1942,1000,0.0,
4,5,5,4,True,True,False,True,False,True,True,False,False,COMP1942,1000,0.6666666666666666,
3,3,4,4,True,True,True,True,False,True,True,False,False,COMP1942,1000,0.5,
5,5,5,5,True,True,False,True,False,True,True,True,False,COMP1942,1000,0.5,
5,5,5,5,True,True,False,True,False,True,True,False,False,COMP1942,1000,0.5,
4,5,5,4,True,True,False,True,False,True,False,False,False,COMP1942,1000,0.5,
